1688551185.851133 0.030950 0.000000 100.000000 0.000000 0.382683 0.000000 0.923880
1688551185.851133 0.030950 0.000000 99.000490 0.000000 0.382683 0.000000 0.923880
1688551185.851133 0.030950 0.000000 98.000980 0.000000 0.382683 0.000000 0.923880
1688551185.851133 0.030950 0.000000 97.001470 0.000000 0.382683 0.000000 0.923880
1688551185.851133 0.030950 0.000000 96.001960 0.000000 0.382683 0.000000 0.923880
1688551185.851133 0.030950 0.000000 95.002450 0.000000 0.382683 0.000000 0.923880
1688551185.851133 0.030950 0.000000 94.002940 0.000000 0.382683 0.000000 0.923880
1688551185.851133 0.030950 0.000000 93.003430 0.000000 0.382683 0.000000 0.923880
1688551185.851133 0.030950 0.000000 92.003920 0.000000 0.382683 0.000000 0.923880
1688551185.851133 0.030950 0.000000 91.004410 0.000000 0.382683 0.000000 0.923880
1688551185.851133 0.030950 0.000000 90.004900 0.000000 0.382683 0.000000 0.923880
1688551185.851133 0.030950 0.000000 89.005390 0.000000 0.382683 0.000000 0.923880
1688551185.851133 0.030950 0.000000 88.005880 0.000000 0.382683 0.000000 0.923880
1688551185.851133 0.030950 0.000000 87.006370 0.000000 0.382683 0.000000 0.923880
1688551185.851133 0.030950 0.000000 86.006860 0.000000 0.382683 0.000000 0.923880
1688551185.851133 0.030950 0.000000 85.007350 0.000000 0.382683 0.000000 0.923880
1688551185.851133 0.030950 0.000000 84.007840 0.000000 0.382683 0.000000 0.923880
1688551185.851133 0.030950 0.000000 83.008330 0.000000 0.382683 0.000000 0.923880
1688551185.851133 0.030950 0.000000 82.008820 0.000000 0.382683 0.000000 0.923880
1688551185.851133 0.030950 0.000000 81.009310 0.000000 0.382683 0.000000 0.923880
1688551185.851133 0.030950 0.000000 80.009800 0.000000 0.382683 0.000000 0.923880
1688551185.851133 0.030950 0.000000 79.010290 0.000000 0.382683 0.000000 0.923880
1688551185.851133 0.030950 0.000000 78.010780 0.000000 0.382683 0.000000 0.923880
1688551185.851133 0.030950 0.000000 77.011270 0.000000 0.382683 0.000000 0.923880
1688551185.851133 0.030950 0.000000 76.011760 0.000000 0.382683 0.000000 0.923880
1688551185.851133 0.030950 0.000000 75.012250 0.000000 0.382683 0.000000 0.923880
1688551185.851133 0.030950 0.000000 74.012740 0.000000 0.382683 0.000000 0.923880
1688551185.851133 0.030950 0.000000 73.013230 0.000000 0.382683 0.000000 0.923880
1688551185.851133 0.030950 0.000000 72.013720 0.000000 0.382683 0.000000 0.923880
1688551185.851133 0.030950 0.000000 71.014210 0.000000 0.382683 0.000000 0.923880
1688551185.851133 0.030950 0.000000 70.014700 0.000000 0.382683 0.000000 0.923880
1688551185.851133 0.030950 0.000000 69.015190 0.000000 0.382683 0.000000 0.923880
1688551185.851133 0.030950 0.000000 68.015680 0.000000 0.382683 0.000000 0.923880
1688551185.851133 0.030950 0.000000 67.016170 0.000000 0.382683 0.000000 0.923880
1688551185.851133 0.030950 0.000000 66.016660 0.000000 0.382683 0.000000 0.923880
1688551185.851133 0.030950 0.000000 65.017150 0.000000 0.382683 0.000000 0.923880
1688551185.851133 0.030950 0.000000 64.017640 0.000000 0.382683 0.000000 0.923880
1688551185.851133 0.030950 0.000000 63.018130 0.000000 0.382683 0.000000 0.923880
1688551185.851133 0.030950 0.000000 62.018620 0.000000 0.382683 0.000000 0.923880
1688551185.851133 0.030950 0.000000 61.019110 0.000000 0.382683 0.000000 0.923880
1688551185.851133 0.030950 0.000000 60.019600 0.000000 0.382683 0.000000 0.923880
1688551185.851133 0.030950 0.000000 59.020090 0.000000 0.382683 0.000000 0.923880
1688551185.851133 0.030950 0.000000 58.020580 0.000000 0.382683 0.000000 0.923880
1688551185.851133 0.030950 0.000000 57.021070 0.000000 0.382683 0.000000 0.923880
1688551185.851133 0.030950 0.000000 56.021560 0.000000 0.382683 0.000000 0.923880
1688551185.851133 0.030950 0.000000 55.022050 0.000000 0.382683 0.000000 0.923880
1688551185.851133 0.030950 0.000000 54.022540 0.000000 0.382683 0.000000 0.923880
1688551185.851133 0.030950 0.000000 53.023030 0.000000 0.382683 0.000000 0.923880
1688551185.851133 0.030950 0.000000 52.023520 0.000000 0.382683 0.000000 0.923880
1688551185.851133 0.030950 0.000000 51.024010 0.000000 0.382683 0.000000 0.923880
1688551185.851133 0.030950 0.000000 50.024500 0.000000 0.382683 0.000000 0.923880
1688551185.851133 0.030950 0.000000 49.024990 0.000000 0.382683 0.000000 0.923880
1688551185.851133 0.030950 0.000000 48.025480 0.000000 0.382683 0.000000 0.923880
1688551185.851133 0.030950 0.000000 47.025970 0.000000 0.382683 0.000000 0.923880
1688551185.851133 0.030950 0.000000 46.026460 0.000000 0.382683 0.000000 0.923880
1688551185.851133 0.030950 0.000000 45.026950 0.000000 0.382683 0.000000 0.923880
1688551185.851133 0.030950 0.000000 44.027440 0.000000 0.382683 0.000000 0.923880
1688551185.851133 0.030950 0.000000 43.027930 0.000000 0.382683 0.000000 0.923880
1688551185.851133 0.030950 0.000000 42.028420 0.000000 0.382683 0.000000 0.923880
1688551185.851133 0.030950 0.000000 41.028910 0.000000 0.382683 0.000000 0.923880
1688551185.851133 0.030950 0.000000 40.029400 0.000000 0.382683 0.000000 0.923880
1688551185.851133 0.030950 0.000000 39.029890 0.000000 0.382683 0.000000 0.923880
1688551185.851133 0.030950 0.000000 38.030380 0.000000 0.382683 0.000000 0.923880
1688551185.851133 0.030950 0.000000 37.030870 0.000000 0.382683 0.000000 0.923880
1688551185.851133 0.030950 0.000000 36.031360 0.000000 0.382683 0.000000 0.923880
1688551185.851133 0.030950 0.000000 35.031850 0.000000 0.382683 0.000000 0.923880
1688551185.851133 0.030950 0.000000 34.032340 0.000000 0.382683 0.000000 0.923880
1688551185.851133 0.030950 0.000000 33.032830 0.000000 0.382683 0.000000 0.923880
1688551185.851133 0.030950 0.000000 32.033320 0.000000 0.382683 0.000000 0.923880
1688551185.851133 0.030950 0.000000 31.033810 0.000000 0.382683 0.000000 0.923880
1688551185.851133 0.030950 0.000000 30.034300 0.000000 0.382683 0.000000 0.923880
1688551185.851133 0.030950 0.000000 29.034790 0.000000 0.382683 0.000000 0.923880
1688551185.851133 0.030950 0.000000 28.035280 0.000000 0.382683 0.000000 0.923880
1688551185.851133 0.030950 0.000000 27.035770 0.000000 0.382683 0.000000 0.923880
1688551185.851133 0.030950 0.000000 26.036260 0.000000 0.382683 0.000000 0.923880
1688551185.851133 0.030950 0.000000 25.036750 0.000000 0.382683 0.000000 0.923880
1688551185.851133 0.030950 0.000000 24.037240 0.000000 0.382683 0.000000 0.923880
1688551185.851133 0.030950 0.000000 23.037730 0.000000 0.382683 0.000000 0.923880
1688551185.851133 0.030950 0.000000 22.038220 0.000000 0.382683 0.000000 0.923880
1688551185.851133 0.030950 0.000000 21.038710 0.000000 0.382683 0.000000 0.923880
1688551185.851133 0.030950 0.000000 20.039200 0.000000 0.382683 0.000000 0.923880
1688551185.851133 0.030950 0.000000 19.039690 0.000000 0.382683 0.000000 0.923880
1688551185.851133 0.030950 0.000000 18.040180 0.000000 0.382683 0.000000 0.923880
1688551185.851133 0.030950 0.000000 17.040670 0.000000 0.382683 0.000000 0.923880
1688551185.851133 0.030950 0.000000 16.041160 0.000000 0.382683 0.000000 0.923880
1688551185.851133 0.030950 0.000000 15.041650 0.000000 0.382683 0.000000 0.923880
1688551185.851133 0.030950 0.000000 14.042140 0.000000 0.382683 0.000000 0.923880
1688551185.851133 0.030950 0.000000 13.042630 0.000000 0.382683 0.000000 0.923880
1688551185.851133 0.030950 0.000000 12.043120 0.000000 0.382683 0.000000 0.923880
1688551185.851133 0.030950 0.000000 11.043610 0.000000 0.382683 0.000000 0.923880
1688551185.851133 0.030950 0.000000 10.044100 0.000000 0.382683 0.000000 0.923880
1688551185.851133 0.030950 0.000000 9.044590 0.000000 0.382683 0.000000 0.923880
1688551185.851133 0.030950 0.000000 8.045080 0.000000 0.382683 0.000000 0.923880
1688551185.851133 0.030950 0.000000 7.045570 0.000000 0.382683 0.000000 0.923880
1688551185.851133 0.030950 0.000000 6.046060 0.000000 0.382683 0.000000 0.923880
1688551185.851133 0.030950 0.000000 5.046550 0.000000 0.382683 0.000000 0.923880
1688551185.851133 0.030950 0.000000 4.047040 0.000000 0.382683 0.000000 0.923880
1688551185.851133 0.030950 0.000000 3.047530 0.000000 0.382683 0.000000 0.923880
1688551185.851133 0.030950 0.000000 2.048020 0.000000 0.382683 0.000000 0.923880
1688551185.851133 0.030950 0.000000 1.048510 0.000000 0.382683 0.000000 0.923880
1688551185.851133 0.030950 0.000000 0.049000 0.000000 0.382683 0.000000 0.923880
1688551267.846153 107.674280 -2.956180 0.951090 0.000000 0.000000 -0.036930 0.999320
1688551268.003651 107.818713 -3.055616 0.940967 0.000000 0.000000 -0.036930 0.999320
1688551268.161148 107.963146 -3.155053 0.930845 0.000000 0.000000 -0.036930 0.999320
1688551268.318646 108.107578 -3.254489 0.920722 0.000000 0.000000 -0.036930 0.999320
1688551268.476143 108.252011 -3.353926 0.910599 0.000000 0.000000 -0.036930 0.999320
1688551268.633641 108.396444 -3.453362 0.900477 0.000000 0.000000 -0.036930 0.999320
1688551268.791138 108.540877 -3.552798 0.890354 0.000000 0.000000 -0.036930 0.999320
1688551268.948636 108.685310 -3.652235 0.880231 0.000000 0.000000 -0.036930 0.999320
1688551269.106133 108.829742 -3.751671 0.870108 0.000000 0.000000 -0.036930 0.999320
1688551269.263631 108.974175 -3.851108 0.859986 0.000000 0.000000 -0.036930 0.999320
1688551269.421128 109.118608 -3.950544 0.849863 0.000000 0.000000 -0.036930 0.999320
1688551269.578626 109.263041 -4.049980 0.839740 0.000000 0.000000 -0.036930 0.999320
1688551269.736123 109.407474 -4.149417 0.829618 0.000000 0.000000 -0.036930 0.999320
1688551269.893621 109.551906 -4.248853 0.819495 0.000000 0.000000 -0.036930 0.999320
1688551270.051119 109.696339 -4.348290 0.809372 0.000000 0.000000 -0.036930 0.999320
1688551270.208616 109.840772 -4.447726 0.799249 0.000000 0.000000 -0.036930 0.999320
1688551270.366114 109.985205 -4.547162 0.789127 0.000000 0.000000 -0.036930 0.999320
1688551270.523611 110.129638 -4.646599 0.779004 0.000000 0.000000 -0.036930 0.999320
1688551270.681109 110.274070 -4.746035 0.768881 0.000000 0.000000 -0.036930 0.999320
1688551270.838606 110.418503 -4.845472 0.758759 0.000000 0.000000 -0.036930 0.999320
1688551270.996104 110.562936 -4.944908 0.748636 0.000000 0.000000 -0.036930 0.999320
1688551271.153601 110.707369 -5.044344 0.738513 0.000000 0.000000 -0.036930 0.999320
1688551271.311099 110.851802 -5.143781 0.728391 0.000000 0.000000 -0.036930 0.999320
1688551271.468596 110.996234 -5.243217 0.718268 0.000000 0.000000 -0.036930 0.999320
1688551271.626094 111.140667 -5.342654 0.708145 0.000000 0.000000 -0.036930 0.999320
1688551271.783591 111.285100 -5.442090 0.698022 0.000000 0.000000 -0.036930 0.999320
1688551271.941089 111.429533 -5.541526 0.687900 0.000000 0.000000 -0.036930 0.999320
1688551272.098587 111.573966 -5.640963 0.677777 0.000000 0.000000 -0.036930 0.999320
1688551272.256084 111.718398 -5.740399 0.667654 0.000000 0.000000 -0.036930 0.999320
1688551272.413582 111.862831 -5.839836 0.657532 0.000000 0.000000 -0.036930 0.999320
1688551272.571079 112.007264 -5.939272 0.647409 0.000000 0.000000 -0.036930 0.999320
1688551272.728577 112.151697 -6.038708 0.637286 0.000000 0.000000 -0.036930 0.999320
1688551272.886074 112.296130 -6.138145 0.627164 0.000000 0.000000 -0.036930 0.999320
1688551273.043572 112.440562 -6.237581 0.617041 0.000000 0.000000 -0.036930 0.999320
1688551273.201069 112.584995 -6.337018 0.606918 0.000000 0.000000 -0.036930 0.999320
1688551273.358567 112.729428 -6.436454 0.596796 0.000000 0.000000 -0.036930 0.999320
1688551273.516064 112.873861 -6.535890 0.586673 0.000000 0.000000 -0.036930 0.999320
1688551273.673562 113.018294 -6.635327 0.576550 0.000000 0.000000 -0.036930 0.999320
1688551273.831059 113.162726 -6.734763 0.566427 0.000000 0.000000 -0.036930 0.999320
1688551273.988557 113.307159 -6.834200 0.556305 0.000000 0.000000 -0.036930 0.999320
1688551274.146055 113.451592 -6.933636 0.546182 0.000000 0.000000 -0.036930 0.999320
1688551274.303552 113.596025 -7.033072 0.536059 0.000000 0.000000 -0.036930 0.999320
1688551274.461050 113.740458 -7.132509 0.525937 0.000000 0.000000 -0.036930 0.999320
1688551274.618547 113.884890 -7.231945 0.515814 0.000000 0.000000 -0.036930 0.999320
1688551274.776045 114.029323 -7.331382 0.505691 0.000000 0.000000 -0.036930 0.999320
1688551274.933542 114.173756 -7.430818 0.495568 0.000000 0.000000 -0.036930 0.999320
1688551275.091040 114.318189 -7.530254 0.485446 0.000000 0.000000 -0.036930 0.999320
1688551275.248537 114.462622 -7.629691 0.475323 0.000000 0.000000 -0.036930 0.999320
1688551275.406035 114.607054 -7.729127 0.465200 0.000000 0.000000 -0.036930 0.999320
1688551275.563532 114.751487 -7.828564 0.455078 0.000000 0.000000 -0.036930 0.999320
1688551275.721030 114.895920 -7.928000 0.444955 0.000000 0.000000 -0.036930 0.999320
1688551275.878527 115.040353 -8.027436 0.434832 0.000000 0.000000 -0.036930 0.999320
1688551276.036025 115.184786 -8.126873 0.424710 0.000000 0.000000 -0.036930 0.999320
1688551276.193522 115.329218 -8.226309 0.414587 0.000000 0.000000 -0.036930 0.999320
1688551276.351020 115.473651 -8.325746 0.404464 0.000000 0.000000 -0.036930 0.999320
1688551276.508518 115.618084 -8.425182 0.394341 0.000000 0.000000 -0.036930 0.999320
1688551276.666015 115.762517 -8.524618 0.384219 0.000000 0.000000 -0.036930 0.999320
1688551276.823513 115.906950 -8.624055 0.374096 0.000000 0.000000 -0.036930 0.999320
1688551276.981010 116.051382 -8.723491 0.363973 0.000000 0.000000 -0.036930 0.999320
1688551277.138508 116.195815 -8.822928 0.353851 0.000000 0.000000 -0.036930 0.999320
1688551277.296005 116.340248 -8.922364 0.343728 0.000000 0.000000 -0.036930 0.999320
1688551277.453503 116.484681 -9.021800 0.333605 0.000000 0.000000 -0.036930 0.999320
1688551277.611000 116.629114 -9.121237 0.323483 0.000000 0.000000 -0.036930 0.999320
1688551277.768498 116.773546 -9.220673 0.313360 0.000000 0.000000 -0.036930 0.999320
1688551277.925995 116.917979 -9.320110 0.303237 0.000000 0.000000 -0.036930 0.999320
1688551278.083493 117.062412 -9.419546 0.293114 0.000000 0.000000 -0.036930 0.999320
1688551278.240990 117.206845 -9.518982 0.282992 0.000000 0.000000 -0.036930 0.999320
1688551278.398488 117.351278 -9.618419 0.272869 0.000000 0.000000 -0.036930 0.999320
1688551278.555985 117.495710 -9.717855 0.262746 0.000000 0.000000 -0.036930 0.999320
1688551278.713483 117.640143 -9.817292 0.252624 0.000000 0.000000 -0.036930 0.999320
1688551278.870981 117.784576 -9.916728 0.242501 0.000000 0.000000 -0.036930 0.999320
1688551279.028478 117.929009 -10.016164 0.232378 0.000000 0.000000 -0.036930 0.999320
1688551279.185976 118.073442 -10.115601 0.222256 0.000000 0.000000 -0.036930 0.999320
1688551279.343473 118.217874 -10.215037 0.212133 0.000000 0.000000 -0.036930 0.999320
1688551279.500971 118.362307 -10.314474 0.202010 0.000000 0.000000 -0.036930 0.999320
1688551279.658468 118.506740 -10.413910 0.191887 0.000000 0.000000 -0.036930 0.999320
1688551279.815966 118.651173 -10.513346 0.181765 0.000000 0.000000 -0.036930 0.999320
1688551279.973463 118.795606 -10.612783 0.171642 0.000000 0.000000 -0.036930 0.999320
1688551280.130961 118.940038 -10.712219 0.161519 0.000000 0.000000 -0.036930 0.999320
1688551280.288458 119.084471 -10.811656 0.151397 0.000000 0.000000 -0.036930 0.999320
1688551280.445956 119.228904 -10.911092 0.141274 0.000000 0.000000 -0.036930 0.999320
1688551280.603453 119.373337 -11.010528 0.131151 0.000000 0.000000 -0.036930 0.999320
1688551280.760951 119.517770 -11.109965 0.121029 0.000000 0.000000 -0.036930 0.999320
1688551280.918448 119.662202 -11.209401 0.110906 0.000000 0.000000 -0.036930 0.999320
1688551281.075946 119.806635 -11.308838 0.100783 0.000000 0.000000 -0.036930 0.999320
1688551281.233443 119.951068 -11.408274 0.090661 0.000000 0.000000 -0.036930 0.999320
1688551281.390941 120.095501 -11.507710 0.080538 0.000000 0.000000 -0.036930 0.999320
1688551281.548439 120.239934 -11.607147 0.070415 0.000000 0.000000 -0.036930 0.999320
1688551281.705936 120.384366 -11.706583 0.060292 0.000000 0.000000 -0.036930 0.999320
1688551281.863434 120.528799 -11.806020 0.050170 0.000000 0.000000 -0.036930 0.999320
1688551282.020931 120.673232 -11.905456 0.040047 0.000000 0.000000 -0.036930 0.999320
1688551282.178429 120.817665 -12.004892 0.029924 0.000000 0.000000 -0.036930 0.999320
1688551282.335926 120.962098 -12.104329 0.019802 0.000000 0.000000 -0.036930 0.999320
1688551282.493424 121.106530 -12.203765 0.009679 0.000000 0.000000 -0.036930 0.999320
1688551282.650921 121.250963 -12.303202 -0.000444 0.000000 0.000000 -0.036930 0.999320
1688551282.808419 121.395396 -12.402638 -0.010566 0.000000 0.000000 -0.036930 0.999320
1688551282.965916 121.539829 -12.502074 -0.020689 0.000000 0.000000 -0.036930 0.999320
1688551283.123414 121.684262 -12.601511 -0.030812 0.000000 0.000000 -0.036930 0.999320
1688551283.280911 121.828694 -12.700947 -0.040935 0.000000 0.000000 -0.036930 0.999320
1688551283.438409 121.973127 -12.800384 -0.051057 0.000000 0.000000 -0.036930 0.999320
1688551283.595906 122.117560 -12.899820 -0.061180 0.000000 0.000000 -0.036930 0.999320
1688551347.603271 123.892820 -106.479600 3.139900 0.000000 0.000000 -0.359710 0.933070
1688551347.623297 123.916961 -106.491005 3.137909 0.000000 0.000000 -0.359710 0.933070
1688551347.643324 123.941102 -106.502410 3.135919 0.000000 0.000000 -0.359710 0.933070
1688551347.663351 123.965243 -106.513815 3.133928 0.000000 0.000000 -0.359710 0.933070
1688551347.683378 123.989384 -106.525220 3.131938 0.000000 0.000000 -0.359710 0.933070
1688551347.703405 124.013525 -106.536625 3.129947 0.000000 0.000000 -0.359710 0.933070
1688551347.723431 124.037666 -106.548031 3.127956 0.000000 0.000000 -0.359710 0.933070
1688551347.743458 124.061807 -106.559436 3.125966 0.000000 0.000000 -0.359710 0.933070
1688551347.763485 124.085948 -106.570841 3.123975 0.000000 0.000000 -0.359710 0.933070
1688551347.783512 124.110089 -106.582246 3.121985 0.000000 0.000000 -0.359710 0.933070
1688551347.803538 124.134230 -106.593651 3.119994 0.000000 0.000000 -0.359710 0.933070
1688551347.823565 124.158371 -106.605056 3.118003 0.000000 0.000000 -0.359710 0.933070
1688551347.843592 124.182512 -106.616461 3.116013 0.000000 0.000000 -0.359710 0.933070
1688551347.863619 124.206653 -106.627866 3.114022 0.000000 0.000000 -0.359710 0.933070
1688551347.883646 124.230794 -106.639271 3.112032 0.000000 0.000000 -0.359710 0.933070
1688551347.903672 124.254935 -106.650677 3.110041 0.000000 0.000000 -0.359710 0.933070
1688551347.923699 124.279076 -106.662082 3.108050 0.000000 0.000000 -0.359710 0.933070
1688551347.943726 124.303217 -106.673487 3.106060 0.000000 0.000000 -0.359710 0.933070
1688551347.963753 124.327358 -106.684892 3.104069 0.000000 0.000000 -0.359710 0.933070
1688551347.983779 124.351499 -106.696297 3.102079 0.000000 0.000000 -0.359710 0.933070
1688551348.003806 124.375640 -106.707702 3.100088 0.000000 0.000000 -0.359710 0.933070
1688551348.023833 124.399781 -106.719107 3.098097 0.000000 0.000000 -0.359710 0.933070
1688551348.043859 124.423922 -106.730512 3.096107 0.000000 0.000000 -0.359710 0.933070
1688551348.063886 124.448063 -106.741917 3.094116 0.000000 0.000000 -0.359710 0.933070
1688551348.083913 124.472204 -106.753322 3.092126 0.000000 0.000000 -0.359710 0.933070
1688551348.103940 124.496345 -106.764728 3.090135 0.000000 0.000000 -0.359710 0.933070
1688551348.123967 124.520486 -106.776133 3.088144 0.000000 0.000000 -0.359710 0.933070
1688551348.143993 124.544627 -106.787538 3.086154 0.000000 0.000000 -0.359710 0.933070
1688551348.164020 124.568768 -106.798943 3.084163 0.000000 0.000000 -0.359710 0.933070
1688551348.184047 124.592909 -106.810348 3.082173 0.000000 0.000000 -0.359710 0.933070
1688551348.204074 124.617050 -106.821753 3.080182 0.000000 0.000000 -0.359710 0.933070
1688551348.224101 124.641191 -106.833158 3.078191 0.000000 0.000000 -0.359710 0.933070
1688551348.244127 124.665332 -106.844563 3.076201 0.000000 0.000000 -0.359710 0.933070
1688551348.264154 124.689473 -106.855968 3.074210 0.000000 0.000000 -0.359710 0.933070
1688551348.284181 124.713614 -106.867373 3.072220 0.000000 0.000000 -0.359710 0.933070
1688551348.304208 124.737755 -106.878778 3.070229 0.000000 0.000000 -0.359710 0.933070
1688551348.324234 124.761896 -106.890184 3.068238 0.000000 0.000000 -0.359710 0.933070
1688551348.344261 124.786037 -106.901589 3.066248 0.000000 0.000000 -0.359710 0.933070
1688551348.364288 124.810178 -106.912994 3.064257 0.000000 0.000000 -0.359710 0.933070
1688551348.384315 124.834319 -106.924399 3.062267 0.000000 0.000000 -0.359710 0.933070
1688551348.404341 124.858460 -106.935804 3.060276 0.000000 0.000000 -0.359710 0.933070
1688551348.424368 124.882601 -106.947209 3.058285 0.000000 0.000000 -0.359710 0.933070
1688551348.444395 124.906742 -106.958614 3.056295 0.000000 0.000000 -0.359710 0.933070
1688551348.464422 124.930883 -106.970019 3.054304 0.000000 0.000000 -0.359710 0.933070
1688551348.484448 124.955024 -106.981424 3.052314 0.000000 0.000000 -0.359710 0.933070
1688551348.504475 124.979165 -106.992829 3.050323 0.000000 0.000000 -0.359710 0.933070
1688551348.524502 125.003306 -107.004235 3.048332 0.000000 0.000000 -0.359710 0.933070
1688551348.544529 125.027447 -107.015640 3.046342 0.000000 0.000000 -0.359710 0.933070
1688551348.564555 125.051588 -107.027045 3.044351 0.000000 0.000000 -0.359710 0.933070
1688551348.584582 125.075729 -107.038450 3.042361 0.000000 0.000000 -0.359710 0.933070
1688551348.604609 125.099870 -107.049855 3.040370 0.000000 0.000000 -0.359710 0.933070
1688551348.624636 125.124011 -107.061260 3.038379 0.000000 0.000000 -0.359710 0.933070
1688551348.644663 125.148152 -107.072665 3.036389 0.000000 0.000000 -0.359710 0.933070
1688551348.664689 125.172293 -107.084070 3.034398 0.000000 0.000000 -0.359710 0.933070
1688551348.684716 125.196434 -107.095475 3.032408 0.000000 0.000000 -0.359710 0.933070
1688551348.704743 125.220575 -107.106881 3.030417 0.000000 0.000000 -0.359710 0.933070
1688551348.724770 125.244716 -107.118286 3.028426 0.000000 0.000000 -0.359710 0.933070
1688551348.744796 125.268857 -107.129691 3.026436 0.000000 0.000000 -0.359710 0.933070
1688551348.764823 125.292998 -107.141096 3.024445 0.000000 0.000000 -0.359710 0.933070
1688551348.784850 125.317139 -107.152501 3.022455 0.000000 0.000000 -0.359710 0.933070
1688551348.804877 125.341280 -107.163906 3.020464 0.000000 0.000000 -0.359710 0.933070
1688551348.824903 125.365421 -107.175311 3.018473 0.000000 0.000000 -0.359710 0.933070
1688551348.844930 125.389562 -107.186716 3.016483 0.000000 0.000000 -0.359710 0.933070
1688551348.864957 125.413703 -107.198121 3.014492 0.000000 0.000000 -0.359710 0.933070
1688551348.884984 125.437844 -107.209526 3.012502 0.000000 0.000000 -0.359710 0.933070
1688551348.905010 125.461985 -107.220932 3.010511 0.000000 0.000000 -0.359710 0.933070
1688551348.925037 125.486126 -107.232337 3.008520 0.000000 0.000000 -0.359710 0.933070
1688551348.945064 125.510267 -107.243742 3.006530 0.000000 0.000000 -0.359710 0.933070
1688551348.965091 125.534408 -107.255147 3.004539 0.000000 0.000000 -0.359710 0.933070
1688551348.985117 125.558549 -107.266552 3.002549 0.000000 0.000000 -0.359710 0.933070
1688551349.005144 125.582690 -107.277957 3.000558 0.000000 0.000000 -0.359710 0.933070
1688551349.025171 125.606831 -107.289362 2.998567 0.000000 0.000000 -0.359710 0.933070
1688551349.045198 125.630972 -107.300767 2.996577 0.000000 0.000000 -0.359710 0.933070
1688551349.065225 125.655113 -107.312172 2.994586 0.000000 0.000000 -0.359710 0.933070
1688551349.085251 125.679254 -107.323577 2.992596 0.000000 0.000000 -0.359710 0.933070
1688551349.105278 125.703395 -107.334982 2.990605 0.000000 0.000000 -0.359710 0.933070
1688551349.125305 125.727536 -107.346388 2.988614 0.000000 0.000000 -0.359710 0.933070
1688551349.145332 125.751677 -107.357793 2.986624 0.000000 0.000000 -0.359710 0.933070
1688551349.165359 125.775818 -107.369198 2.984633 0.000000 0.000000 -0.359710 0.933070
1688551349.185385 125.799959 -107.380603 2.982643 0.000000 0.000000 -0.359710 0.933070
1688551349.205412 125.824100 -107.392008 2.980652 0.000000 0.000000 -0.359710 0.933070
1688551349.225439 125.848241 -107.403413 2.978661 0.000000 0.000000 -0.359710 0.933070
1688551349.245466 125.872382 -107.414818 2.976671 0.000000 0.000000 -0.359710 0.933070
1688551349.265492 125.896523 -107.426223 2.974680 0.000000 0.000000 -0.359710 0.933070
1688551349.285519 125.920664 -107.437628 2.972690 0.000000 0.000000 -0.359710 0.933070
1688551349.305546 125.944805 -107.449033 2.970699 0.000000 0.000000 -0.359710 0.933070
1688551349.325572 125.968946 -107.460439 2.968708 0.000000 0.000000 -0.359710 0.933070
1688551349.345599 125.993087 -107.471844 2.966718 0.000000 0.000000 -0.359710 0.933070
1688551349.365626 126.017228 -107.483249 2.964727 0.000000 0.000000 -0.359710 0.933070
1688551349.385653 126.041369 -107.494654 2.962737 0.000000 0.000000 -0.359710 0.933070
1688551349.405680 126.065510 -107.506059 2.960746 0.000000 0.000000 -0.359710 0.933070
1688551349.425706 126.089651 -107.517464 2.958755 0.000000 0.000000 -0.359710 0.933070
1688551349.445733 126.113792 -107.528869 2.956765 0.000000 0.000000 -0.359710 0.933070
1688551349.465760 126.137933 -107.540274 2.954774 0.000000 0.000000 -0.359710 0.933070
1688551349.485787 126.162074 -107.551679 2.952784 0.000000 0.000000 -0.359710 0.933070
1688551349.505813 126.186215 -107.563085 2.950793 0.000000 0.000000 -0.359710 0.933070
1688551349.525840 126.210356 -107.574490 2.948802 0.000000 0.000000 -0.359710 0.933070
1688551349.545867 126.234497 -107.585895 2.946812 0.000000 0.000000 -0.359710 0.933070
1688551349.565894 126.258638 -107.597300 2.944821 0.000000 0.000000 -0.359710 0.933070
1688551349.585921 126.282779 -107.608705 2.942831 0.000000 0.000000 -0.359710 0.933070
1688551349.605947 126.306920 -107.620110 2.940840 0.000000 0.000000 -0.359710 0.933070
1688551498.824935 270.235010 -119.499900 5.106150 0.000000 0.000000 0.043400 0.999060
1688551498.959920 270.319914 -119.405776 5.095658 0.000000 0.000000 0.043400 0.999060
1688551499.094906 270.404818 -119.311652 5.085166 0.000000 0.000000 0.043400 0.999060
1688551499.229891 270.489722 -119.217528 5.074674 0.000000 0.000000 0.043400 0.999060
1688551499.364877 270.574626 -119.123404 5.064182 0.000000 0.000000 0.043400 0.999060
1688551499.499862 270.659530 -119.029280 5.053691 0.000000 0.000000 0.043400 0.999060
1688551499.634848 270.744435 -118.935155 5.043199 0.000000 0.000000 0.043400 0.999060
1688551499.769833 270.829339 -118.841031 5.032707 0.000000 0.000000 0.043400 0.999060
1688551499.904819 270.914243 -118.746907 5.022215 0.000000 0.000000 0.043400 0.999060
1688551500.039804 270.999147 -118.652783 5.011723 0.000000 0.000000 0.043400 0.999060
1688551500.174790 271.084051 -118.558659 5.001231 0.000000 0.000000 0.043400 0.999060
1688551500.309775 271.168955 -118.464535 4.990739 0.000000 0.000000 0.043400 0.999060
1688551500.444761 271.253859 -118.370411 4.980247 0.000000 0.000000 0.043400 0.999060
1688551500.579746 271.338763 -118.276287 4.969755 0.000000 0.000000 0.043400 0.999060
1688551500.714732 271.423667 -118.182163 4.959263 0.000000 0.000000 0.043400 0.999060
1688551500.849717 271.508572 -118.088038 4.948772 0.000000 0.000000 0.043400 0.999060
1688551500.984703 271.593476 -117.993914 4.938280 0.000000 0.000000 0.043400 0.999060
1688551501.119688 271.678380 -117.899790 4.927788 0.000000 0.000000 0.043400 0.999060
1688551501.254674 271.763284 -117.805666 4.917296 0.000000 0.000000 0.043400 0.999060
1688551501.389659 271.848188 -117.711542 4.906804 0.000000 0.000000 0.043400 0.999060
1688551501.524645 271.933092 -117.617418 4.896312 0.000000 0.000000 0.043400 0.999060
1688551501.659630 272.017996 -117.523294 4.885820 0.000000 0.000000 0.043400 0.999060
1688551501.794616 272.102900 -117.429170 4.875328 0.000000 0.000000 0.043400 0.999060
1688551501.929601 272.187804 -117.335046 4.864836 0.000000 0.000000 0.043400 0.999060
1688551502.064587 272.272708 -117.240922 4.854344 0.000000 0.000000 0.043400 0.999060
1688551502.199572 272.357612 -117.146797 4.843853 0.000000 0.000000 0.043400 0.999060
1688551502.334558 272.442517 -117.052673 4.833361 0.000000 0.000000 0.043400 0.999060
1688551502.469543 272.527421 -116.958549 4.822869 0.000000 0.000000 0.043400 0.999060
1688551502.604529 272.612325 -116.864425 4.812377 0.000000 0.000000 0.043400 0.999060
1688551502.739514 272.697229 -116.770301 4.801885 0.000000 0.000000 0.043400 0.999060
1688551502.874500 272.782133 -116.676177 4.791393 0.000000 0.000000 0.043400 0.999060
1688551503.009485 272.867037 -116.582053 4.780901 0.000000 0.000000 0.043400 0.999060
1688551503.144471 272.951941 -116.487929 4.770409 0.000000 0.000000 0.043400 0.999060
1688551503.279456 273.036845 -116.393805 4.759917 0.000000 0.000000 0.043400 0.999060
1688551503.414442 273.121749 -116.299681 4.749425 0.000000 0.000000 0.043400 0.999060
1688551503.549427 273.206654 -116.205557 4.738933 0.000000 0.000000 0.043400 0.999060
1688551503.684413 273.291558 -116.111432 4.728442 0.000000 0.000000 0.043400 0.999060
1688551503.819398 273.376462 -116.017308 4.717950 0.000000 0.000000 0.043400 0.999060
1688551503.954384 273.461366 -115.923184 4.707458 0.000000 0.000000 0.043400 0.999060
1688551504.089369 273.546270 -115.829060 4.696966 0.000000 0.000000 0.043400 0.999060
1688551504.224355 273.631174 -115.734936 4.686474 0.000000 0.000000 0.043400 0.999060
1688551504.359340 273.716078 -115.640812 4.675982 0.000000 0.000000 0.043400 0.999060
1688551504.494326 273.800982 -115.546688 4.665490 0.000000 0.000000 0.043400 0.999060
1688551504.629311 273.885886 -115.452564 4.654998 0.000000 0.000000 0.043400 0.999060
1688551504.764297 273.970790 -115.358440 4.644506 0.000000 0.000000 0.043400 0.999060
1688551504.899282 274.055694 -115.264315 4.634015 0.000000 0.000000 0.043400 0.999060
1688551505.034268 274.140599 -115.170191 4.623523 0.000000 0.000000 0.043400 0.999060
1688551505.169253 274.225503 -115.076067 4.613031 0.000000 0.000000 0.043400 0.999060
1688551505.304239 274.310407 -114.981943 4.602539 0.000000 0.000000 0.043400 0.999060
1688551505.439224 274.395311 -114.887819 4.592047 0.000000 0.000000 0.043400 0.999060
1688551505.574210 274.480215 -114.793695 4.581555 0.000000 0.000000 0.043400 0.999060
1688551505.709195 274.565119 -114.699571 4.571063 0.000000 0.000000 0.043400 0.999060
1688551505.844181 274.650023 -114.605447 4.560571 0.000000 0.000000 0.043400 0.999060
1688551505.979166 274.734927 -114.511323 4.550079 0.000000 0.000000 0.043400 0.999060
1688551506.114152 274.819831 -114.417199 4.539587 0.000000 0.000000 0.043400 0.999060
1688551506.249137 274.904736 -114.323075 4.529096 0.000000 0.000000 0.043400 0.999060
1688551506.384123 274.989640 -114.228950 4.518604 0.000000 0.000000 0.043400 0.999060
1688551506.519108 275.074544 -114.134826 4.508112 0.000000 0.000000 0.043400 0.999060
1688551506.654094 275.159448 -114.040702 4.497620 0.000000 0.000000 0.043400 0.999060
1688551506.789079 275.244352 -113.946578 4.487128 0.000000 0.000000 0.043400 0.999060
1688551506.924065 275.329256 -113.852454 4.476636 0.000000 0.000000 0.043400 0.999060
1688551507.059050 275.414160 -113.758330 4.466144 0.000000 0.000000 0.043400 0.999060
1688551507.194036 275.499064 -113.664206 4.455652 0.000000 0.000000 0.043400 0.999060
1688551507.329021 275.583968 -113.570082 4.445160 0.000000 0.000000 0.043400 0.999060
1688551507.464007 275.668872 -113.475958 4.434668 0.000000 0.000000 0.043400 0.999060
1688551507.598992 275.753776 -113.381833 4.424176 0.000000 0.000000 0.043400 0.999060
1688551507.733978 275.838681 -113.287709 4.413685 0.000000 0.000000 0.043400 0.999060
1688551507.868963 275.923585 -113.193585 4.403193 0.000000 0.000000 0.043400 0.999060
1688551508.003949 276.008489 -113.099461 4.392701 0.000000 0.000000 0.043400 0.999060
1688551508.138934 276.093393 -113.005337 4.382209 0.000000 0.000000 0.043400 0.999060
1688551508.273920 276.178297 -112.911213 4.371717 0.000000 0.000000 0.043400 0.999060
1688551508.408905 276.263201 -112.817089 4.361225 0.000000 0.000000 0.043400 0.999060
1688551508.543891 276.348105 -112.722965 4.350733 0.000000 0.000000 0.043400 0.999060
1688551508.678876 276.433009 -112.628841 4.340241 0.000000 0.000000 0.043400 0.999060
1688551508.813862 276.517913 -112.534717 4.329749 0.000000 0.000000 0.043400 0.999060
1688551508.948847 276.602818 -112.440593 4.319257 0.000000 0.000000 0.043400 0.999060
1688551509.083833 276.687722 -112.346468 4.308766 0.000000 0.000000 0.043400 0.999060
1688551509.218818 276.772626 -112.252344 4.298274 0.000000 0.000000 0.043400 0.999060
1688551509.353804 276.857530 -112.158220 4.287782 0.000000 0.000000 0.043400 0.999060
1688551509.488789 276.942434 -112.064096 4.277290 0.000000 0.000000 0.043400 0.999060
1688551509.623775 277.027338 -111.969972 4.266798 0.000000 0.000000 0.043400 0.999060
1688551509.758760 277.112242 -111.875848 4.256306 0.000000 0.000000 0.043400 0.999060
1688551509.893746 277.197146 -111.781724 4.245814 0.000000 0.000000 0.043400 0.999060
1688551510.028731 277.282050 -111.687600 4.235322 0.000000 0.000000 0.043400 0.999060
1688551510.163717 277.366954 -111.593476 4.224830 0.000000 0.000000 0.043400 0.999060
1688551510.298702 277.451858 -111.499352 4.214339 0.000000 0.000000 0.043400 0.999060
1688551510.433688 277.536763 -111.405227 4.203847 0.000000 0.000000 0.043400 0.999060
1688551510.568673 277.621667 -111.311103 4.193355 0.000000 0.000000 0.043400 0.999060
1688551510.703659 277.706571 -111.216979 4.182863 0.000000 0.000000 0.043400 0.999060
1688551510.838644 277.791475 -111.122855 4.172371 0.000000 0.000000 0.043400 0.999060
1688551510.973630 277.876379 -111.028731 4.161879 0.000000 0.000000 0.043400 0.999060
1688551511.108615 277.961283 -110.934607 4.151387 0.000000 0.000000 0.043400 0.999060
1688551511.243601 278.046187 -110.840483 4.140895 0.000000 0.000000 0.043400 0.999060
1688551511.378586 278.131091 -110.746359 4.130403 0.000000 0.000000 0.043400 0.999060
1688551511.513572 278.215995 -110.652235 4.119911 0.000000 0.000000 0.043400 0.999060
1688551511.648557 278.300900 -110.558110 4.109420 0.000000 0.000000 0.043400 0.999060
1688551511.783543 278.385804 -110.463986 4.098928 0.000000 0.000000 0.043400 0.999060
1688551511.918528 278.470708 -110.369862 4.088436 0.000000 0.000000 0.043400 0.999060
1688551512.053514 278.555612 -110.275738 4.077944 0.000000 0.000000 0.043400 0.999060
1688551512.188499 278.640516 -110.181614 4.067452 0.000000 0.000000 0.043400 0.999060
1688551512.323485 278.725420 -110.087490 4.056960 0.000000 0.000000 0.043400 0.999060
1688551599.305796 277.020850 15.150610 1.441970 0.000000 0.000000 0.860410 0.509600
1688551599.533292 276.771806 15.239634 1.427350 0.000000 0.000000 0.860410 0.509600
1688551599.760787 276.522761 15.328659 1.412730 0.000000 0.000000 0.860410 0.509600
1688551599.988283 276.273717 15.417683 1.398110 0.000000 0.000000 0.860410 0.509600
1688551600.215779 276.024673 15.506708 1.383490 0.000000 0.000000 0.860410 0.509600
1688551600.443275 275.775628 15.595732 1.368870 0.000000 0.000000 0.860410 0.509600
1688551600.670771 275.526584 15.684756 1.354250 0.000000 0.000000 0.860410 0.509600
1688551600.898267 275.277540 15.773781 1.339630 0.000000 0.000000 0.860410 0.509600
1688551601.125763 275.028496 15.862805 1.325010 0.000000 0.000000 0.860410 0.509600
1688551601.353259 274.779451 15.951830 1.310390 0.000000 0.000000 0.860410 0.509600
1688551601.580755 274.530407 16.040854 1.295770 0.000000 0.000000 0.860410 0.509600
1688551601.808251 274.281363 16.129878 1.281150 0.000000 0.000000 0.860410 0.509600
1688551602.035747 274.032318 16.218903 1.266530 0.000000 0.000000 0.860410 0.509600
1688551602.263243 273.783274 16.307927 1.251910 0.000000 0.000000 0.860410 0.509600
1688551602.490739 273.534230 16.396952 1.237290 0.000000 0.000000 0.860410 0.509600
1688551602.718235 273.285186 16.485976 1.222670 0.000000 0.000000 0.860410 0.509600
1688551602.945731 273.036141 16.575000 1.208050 0.000000 0.000000 0.860410 0.509600
1688551603.173227 272.787097 16.664025 1.193430 0.000000 0.000000 0.860410 0.509600
1688551603.400723 272.538053 16.753049 1.178810 0.000000 0.000000 0.860410 0.509600
1688551603.628218 272.289008 16.842074 1.164190 0.000000 0.000000 0.860410 0.509600
1688551603.855714 272.039964 16.931098 1.149570 0.000000 0.000000 0.860410 0.509600
1688551604.083210 271.790920 17.020122 1.134950 0.000000 0.000000 0.860410 0.509600
1688551604.310706 271.541875 17.109147 1.120330 0.000000 0.000000 0.860410 0.509600
1688551604.538202 271.292831 17.198171 1.105710 0.000000 0.000000 0.860410 0.509600
1688551604.765698 271.043787 17.287196 1.091090 0.000000 0.000000 0.860410 0.509600
1688551604.993194 270.794742 17.376220 1.076470 0.000000 0.000000 0.860410 0.509600
1688551605.220690 270.545698 17.465244 1.061850 0.000000 0.000000 0.860410 0.509600
1688551605.448186 270.296654 17.554269 1.047230 0.000000 0.000000 0.860410 0.509600
1688551605.675682 270.047610 17.643293 1.032610 0.000000 0.000000 0.860410 0.509600
1688551605.903178 269.798565 17.732318 1.017990 0.000000 0.000000 0.860410 0.509600
1688551606.130674 269.549521 17.821342 1.003370 0.000000 0.000000 0.860410 0.509600
1688551606.358170 269.300477 17.910366 0.988750 0.000000 0.000000 0.860410 0.509600
1688551606.585666 269.051432 17.999391 0.974130 0.000000 0.000000 0.860410 0.509600
1688551606.813162 268.802388 18.088415 0.959510 0.000000 0.000000 0.860410 0.509600
1688551607.040658 268.553344 18.177440 0.944890 0.000000 0.000000 0.860410 0.509600
1688551607.268153 268.304300 18.266464 0.930270 0.000000 0.000000 0.860410 0.509600
1688551607.495649 268.055255 18.355488 0.915650 0.000000 0.000000 0.860410 0.509600
1688551607.723145 267.806211 18.444513 0.901030 0.000000 0.000000 0.860410 0.509600
1688551607.950641 267.557167 18.533537 0.886410 0.000000 0.000000 0.860410 0.509600
1688551608.178137 267.308122 18.622562 0.871790 0.000000 0.000000 0.860410 0.509600
1688551608.405633 267.059078 18.711586 0.857170 0.000000 0.000000 0.860410 0.509600
1688551608.633129 266.810034 18.800610 0.842550 0.000000 0.000000 0.860410 0.509600
1688551608.860625 266.560989 18.889635 0.827930 0.000000 0.000000 0.860410 0.509600
1688551609.088121 266.311945 18.978659 0.813310 0.000000 0.000000 0.860410 0.509600
1688551609.315617 266.062901 19.067684 0.798690 0.000000 0.000000 0.860410 0.509600
1688551609.543113 265.813856 19.156708 0.784070 0.000000 0.000000 0.860410 0.509600
1688551609.770609 265.564812 19.245732 0.769450 0.000000 0.000000 0.860410 0.509600
1688551609.998105 265.315768 19.334757 0.754830 0.000000 0.000000 0.860410 0.509600
1688551610.225600 265.066724 19.423781 0.740210 0.000000 0.000000 0.860410 0.509600
1688551610.453096 264.817679 19.512806 0.725590 0.000000 0.000000 0.860410 0.509600
1688551610.680593 264.568635 19.601830 0.710970 0.000000 0.000000 0.860410 0.509600
1688551610.908088 264.319591 19.690854 0.696350 0.000000 0.000000 0.860410 0.509600
1688551611.135584 264.070546 19.779879 0.681730 0.000000 0.000000 0.860410 0.509600
1688551611.363080 263.821502 19.868903 0.667110 0.000000 0.000000 0.860410 0.509600
1688551611.590576 263.572458 19.957928 0.652490 0.000000 0.000000 0.860410 0.509600
1688551611.818072 263.323414 20.046952 0.637870 0.000000 0.000000 0.860410 0.509600
1688551612.045568 263.074369 20.135976 0.623250 0.000000 0.000000 0.860410 0.509600
1688551612.273064 262.825325 20.225001 0.608630 0.000000 0.000000 0.860410 0.509600
1688551612.500560 262.576281 20.314025 0.594010 0.000000 0.000000 0.860410 0.509600
1688551612.728056 262.327236 20.403050 0.579390 0.000000 0.000000 0.860410 0.509600
1688551612.955552 262.078192 20.492074 0.564770 0.000000 0.000000 0.860410 0.509600
1688551613.183048 261.829148 20.581098 0.550150 0.000000 0.000000 0.860410 0.509600
1688551613.410544 261.580103 20.670123 0.535530 0.000000 0.000000 0.860410 0.509600
1688551613.638040 261.331059 20.759147 0.520910 0.000000 0.000000 0.860410 0.509600
1688551613.865535 261.082015 20.848172 0.506290 0.000000 0.000000 0.860410 0.509600
1688551614.093031 260.832970 20.937196 0.491670 0.000000 0.000000 0.860410 0.509600
1688551614.320527 260.583926 21.026220 0.477050 0.000000 0.000000 0.860410 0.509600
1688551614.548023 260.334882 21.115245 0.462430 0.000000 0.000000 0.860410 0.509600
1688551614.775519 260.085838 21.204269 0.447810 0.000000 0.000000 0.860410 0.509600
1688551615.003015 259.836793 21.293294 0.433190 0.000000 0.000000 0.860410 0.509600
1688551615.230511 259.587749 21.382318 0.418570 0.000000 0.000000 0.860410 0.509600
1688551615.458007 259.338705 21.471342 0.403950 0.000000 0.000000 0.860410 0.509600
1688551615.685503 259.089660 21.560367 0.389330 0.000000 0.000000 0.860410 0.509600
1688551615.912999 258.840616 21.649391 0.374710 0.000000 0.000000 0.860410 0.509600
1688551616.140495 258.591572 21.738416 0.360090 0.000000 0.000000 0.860410 0.509600
1688551616.367991 258.342528 21.827440 0.345470 0.000000 0.000000 0.860410 0.509600
1688551616.595487 258.093483 21.916464 0.330850 0.000000 0.000000 0.860410 0.509600
1688551616.822983 257.844439 22.005489 0.316230 0.000000 0.000000 0.860410 0.509600
1688551617.050479 257.595395 22.094513 0.301610 0.000000 0.000000 0.860410 0.509600
1688551617.277975 257.346350 22.183538 0.286990 0.000000 0.000000 0.860410 0.509600
1688551617.505471 257.097306 22.272562 0.272370 0.000000 0.000000 0.860410 0.509600
1688551617.732966 256.848262 22.361586 0.257750 0.000000 0.000000 0.860410 0.509600
1688551617.960462 256.599217 22.450611 0.243130 0.000000 0.000000 0.860410 0.509600
1688551618.187958 256.350173 22.539635 0.228510 0.000000 0.000000 0.860410 0.509600
1688551618.415454 256.101129 22.628660 0.213890 0.000000 0.000000 0.860410 0.509600
1688551618.642950 255.852084 22.717684 0.199270 0.000000 0.000000 0.860410 0.509600
1688551618.870446 255.603040 22.806708 0.184650 0.000000 0.000000 0.860410 0.509600
1688551619.097942 255.353996 22.895733 0.170030 0.000000 0.000000 0.860410 0.509600
1688551619.325438 255.104952 22.984757 0.155410 0.000000 0.000000 0.860410 0.509600
1688551619.552934 254.855907 23.073782 0.140790 0.000000 0.000000 0.860410 0.509600
1688551619.780430 254.606863 23.162806 0.126170 0.000000 0.000000 0.860410 0.509600
1688551620.007926 254.357819 23.251830 0.111550 0.000000 0.000000 0.860410 0.509600
1688551620.235422 254.108774 23.340855 0.096930 0.000000 0.000000 0.860410 0.509600
1688551620.462918 253.859730 23.429879 0.082310 0.000000 0.000000 0.860410 0.509600
1688551620.690413 253.610686 23.518904 0.067690 0.000000 0.000000 0.860410 0.509600
1688551620.917909 253.361642 23.607928 0.053070 0.000000 0.000000 0.860410 0.509600
1688551621.145406 253.112597 23.696952 0.038450 0.000000 0.000000 0.860410 0.509600
1688551621.372901 252.863553 23.785977 0.023830 0.000000 0.000000 0.860410 0.509600
1688551621.600397 252.614509 23.875001 0.009210 0.000000 0.000000 0.860410 0.509600
1688551621.827893 252.365464 23.964026 -0.005410 0.000000 0.000000 0.860410 0.509600
1688551622.055389 252.116420 24.053050 -0.020030 0.000000 0.000000 0.860410 0.509600
1688551642.300223 225.860790 24.351630 1.490960 0.000000 0.000000 0.999640 0.026810
1688551642.700198 225.294513 24.339553 1.493108 0.000000 0.000000 0.999640 0.026810
1688551643.100174 224.728237 24.327476 1.495255 0.000000 0.000000 0.999640 0.026810
1688551643.500150 224.161960 24.315399 1.497402 0.000000 0.000000 0.999640 0.026810
1688551643.900126 223.595683 24.303322 1.499550 0.000000 0.000000 0.999640 0.026810
1688551644.300102 223.029407 24.291245 1.501698 0.000000 0.000000 0.999640 0.026810
1688551644.700078 222.463130 24.279169 1.503845 0.000000 0.000000 0.999640 0.026810
1688551645.100053 221.896853 24.267092 1.505993 0.000000 0.000000 0.999640 0.026810
1688551645.500029 221.330576 24.255015 1.508140 0.000000 0.000000 0.999640 0.026810
1688551645.900005 220.764300 24.242938 1.510288 0.000000 0.000000 0.999640 0.026810
1688551646.299981 220.198023 24.230861 1.512435 0.000000 0.000000 0.999640 0.026810
1688551646.699956 219.631746 24.218784 1.514583 0.000000 0.000000 0.999640 0.026810
1688551647.099932 219.065470 24.206707 1.516730 0.000000 0.000000 0.999640 0.026810
1688551647.499908 218.499193 24.194630 1.518878 0.000000 0.000000 0.999640 0.026810
1688551647.899884 217.932916 24.182553 1.521025 0.000000 0.000000 0.999640 0.026810
1688551648.299860 217.366640 24.170476 1.523173 0.000000 0.000000 0.999640 0.026810
1688551648.699836 216.800363 24.158400 1.525320 0.000000 0.000000 0.999640 0.026810
1688551649.099811 216.234086 24.146323 1.527467 0.000000 0.000000 0.999640 0.026810
1688551649.499787 215.667809 24.134246 1.529615 0.000000 0.000000 0.999640 0.026810
1688551649.899763 215.101533 24.122169 1.531763 0.000000 0.000000 0.999640 0.026810
1688551650.299739 214.535256 24.110092 1.533910 0.000000 0.000000 0.999640 0.026810
1688551650.699714 213.968979 24.098015 1.536058 0.000000 0.000000 0.999640 0.026810
1688551651.099690 213.402703 24.085938 1.538205 0.000000 0.000000 0.999640 0.026810
1688551651.499666 212.836426 24.073861 1.540353 0.000000 0.000000 0.999640 0.026810
1688551651.899642 212.270149 24.061784 1.542500 0.000000 0.000000 0.999640 0.026810
1688551652.299618 211.703873 24.049708 1.544647 0.000000 0.000000 0.999640 0.026810
1688551652.699594 211.137596 24.037631 1.546795 0.000000 0.000000 0.999640 0.026810
1688551653.099569 210.571319 24.025554 1.548943 0.000000 0.000000 0.999640 0.026810
1688551653.499545 210.005042 24.013477 1.551090 0.000000 0.000000 0.999640 0.026810
1688551653.899521 209.438766 24.001400 1.553238 0.000000 0.000000 0.999640 0.026810
1688551654.299497 208.872489 23.989323 1.555385 0.000000 0.000000 0.999640 0.026810
1688551654.699472 208.306212 23.977246 1.557532 0.000000 0.000000 0.999640 0.026810
1688551655.099448 207.739936 23.965169 1.559680 0.000000 0.000000 0.999640 0.026810
1688551655.499424 207.173659 23.953092 1.561828 0.000000 0.000000 0.999640 0.026810
1688551655.899400 206.607382 23.941015 1.563975 0.000000 0.000000 0.999640 0.026810
1688551656.299376 206.041106 23.928939 1.566123 0.000000 0.000000 0.999640 0.026810
1688551656.699352 205.474829 23.916862 1.568270 0.000000 0.000000 0.999640 0.026810
1688551657.099327 204.908552 23.904785 1.570418 0.000000 0.000000 0.999640 0.026810
1688551657.499303 204.342275 23.892708 1.572565 0.000000 0.000000 0.999640 0.026810
1688551657.899279 203.775999 23.880631 1.574712 0.000000 0.000000 0.999640 0.026810
1688551658.299255 203.209722 23.868554 1.576860 0.000000 0.000000 0.999640 0.026810
1688551658.699231 202.643445 23.856477 1.579008 0.000000 0.000000 0.999640 0.026810
1688551659.099206 202.077169 23.844400 1.581155 0.000000 0.000000 0.999640 0.026810
1688551659.499182 201.510892 23.832323 1.583303 0.000000 0.000000 0.999640 0.026810
1688551659.899158 200.944615 23.820246 1.585450 0.000000 0.000000 0.999640 0.026810
1688551660.299134 200.378339 23.808170 1.587597 0.000000 0.000000 0.999640 0.026810
1688551660.699110 199.812062 23.796093 1.589745 0.000000 0.000000 0.999640 0.026810
1688551661.099085 199.245785 23.784016 1.591893 0.000000 0.000000 0.999640 0.026810
1688551661.499061 198.679508 23.771939 1.594040 0.000000 0.000000 0.999640 0.026810
1688551661.899037 198.113232 23.759862 1.596188 0.000000 0.000000 0.999640 0.026810
1688551662.299013 197.546955 23.747785 1.598335 0.000000 0.000000 0.999640 0.026810
1688551662.698989 196.980678 23.735708 1.600483 0.000000 0.000000 0.999640 0.026810
1688551663.098964 196.414402 23.723631 1.602630 0.000000 0.000000 0.999640 0.026810
1688551663.498940 195.848125 23.711554 1.604777 0.000000 0.000000 0.999640 0.026810
1688551663.898916 195.281848 23.699477 1.606925 0.000000 0.000000 0.999640 0.026810
1688551664.298892 194.715572 23.687400 1.609073 0.000000 0.000000 0.999640 0.026810
1688551664.698868 194.149295 23.675324 1.611220 0.000000 0.000000 0.999640 0.026810
1688551665.098843 193.583018 23.663247 1.613368 0.000000 0.000000 0.999640 0.026810
1688551665.498819 193.016741 23.651170 1.615515 0.000000 0.000000 0.999640 0.026810
1688551665.898795 192.450465 23.639093 1.617663 0.000000 0.000000 0.999640 0.026810
1688551666.298771 191.884188 23.627016 1.619810 0.000000 0.000000 0.999640 0.026810
1688551666.698747 191.317911 23.614939 1.621958 0.000000 0.000000 0.999640 0.026810
1688551667.098722 190.751635 23.602862 1.624105 0.000000 0.000000 0.999640 0.026810
1688551667.498698 190.185358 23.590785 1.626253 0.000000 0.000000 0.999640 0.026810
1688551667.898674 189.619081 23.578708 1.628400 0.000000 0.000000 0.999640 0.026810
1688551668.298650 189.052805 23.566631 1.630548 0.000000 0.000000 0.999640 0.026810
1688551668.698626 188.486528 23.554555 1.632695 0.000000 0.000000 0.999640 0.026810
1688551669.098601 187.920251 23.542478 1.634842 0.000000 0.000000 0.999640 0.026810
1688551669.498577 187.353974 23.530401 1.636990 0.000000 0.000000 0.999640 0.026810
1688551669.898553 186.787698 23.518324 1.639138 0.000000 0.000000 0.999640 0.026810
1688551670.298529 186.221421 23.506247 1.641285 0.000000 0.000000 0.999640 0.026810
1688551670.698505 185.655144 23.494170 1.643433 0.000000 0.000000 0.999640 0.026810
1688551671.098480 185.088868 23.482093 1.645580 0.000000 0.000000 0.999640 0.026810
1688551671.498456 184.522591 23.470016 1.647728 0.000000 0.000000 0.999640 0.026810
1688551671.898432 183.956314 23.457939 1.649875 0.000000 0.000000 0.999640 0.026810
1688551672.298408 183.390038 23.445863 1.652023 0.000000 0.000000 0.999640 0.026810
1688551672.698384 182.823761 23.433786 1.654170 0.000000 0.000000 0.999640 0.026810
1688551673.098359 182.257484 23.421709 1.656318 0.000000 0.000000 0.999640 0.026810
1688551673.498335 181.691207 23.409632 1.658465 0.000000 0.000000 0.999640 0.026810
1688551673.898311 181.124931 23.397555 1.660613 0.000000 0.000000 0.999640 0.026810
1688551674.298287 180.558654 23.385478 1.662760 0.000000 0.000000 0.999640 0.026810
1688551674.698263 179.992377 23.373401 1.664907 0.000000 0.000000 0.999640 0.026810
1688551675.098238 179.426101 23.361324 1.667055 0.000000 0.000000 0.999640 0.026810
1688551675.498214 178.859824 23.349247 1.669203 0.000000 0.000000 0.999640 0.026810
1688551675.898190 178.293547 23.337170 1.671350 0.000000 0.000000 0.999640 0.026810
1688551676.298166 177.727271 23.325094 1.673498 0.000000 0.000000 0.999640 0.026810
1688551676.698142 177.160994 23.313017 1.675645 0.000000 0.000000 0.999640 0.026810
1688551677.098118 176.594717 23.300940 1.677793 0.000000 0.000000 0.999640 0.026810
1688551677.498093 176.028440 23.288863 1.679940 0.000000 0.000000 0.999640 0.026810
1688551677.898069 175.462164 23.276786 1.682088 0.000000 0.000000 0.999640 0.026810
1688551678.298045 174.895887 23.264709 1.684235 0.000000 0.000000 0.999640 0.026810
1688551678.698021 174.329610 23.252632 1.686383 0.000000 0.000000 0.999640 0.026810
1688551679.097996 173.763334 23.240555 1.688530 0.000000 0.000000 0.999640 0.026810
1688551679.497972 173.197057 23.228478 1.690678 0.000000 0.000000 0.999640 0.026810
1688551679.897948 172.630780 23.216401 1.692825 0.000000 0.000000 0.999640 0.026810
1688551680.297924 172.064504 23.204325 1.694972 0.000000 0.000000 0.999640 0.026810
1688551680.697900 171.498227 23.192248 1.697120 0.000000 0.000000 0.999640 0.026810
1688551681.097876 170.931950 23.180171 1.699267 0.000000 0.000000 0.999640 0.026810
1688551681.497851 170.365673 23.168094 1.701415 0.000000 0.000000 0.999640 0.026810
1688551681.897827 169.799397 23.156017 1.703563 0.000000 0.000000 0.999640 0.026810
1688551682.297803 169.233120 23.143940 1.705710 0.000000 0.000000 0.999640 0.026810
1688551697.297803 150.426070 11.461500 -0.286780 0.000000 0.000000 0.925080 0.379770
1688551697.702894 149.962753 11.332715 -0.295751 0.000000 0.000000 0.925080 0.379770
1688551698.107985 149.499436 11.203929 -0.304721 0.000000 0.000000 0.925080 0.379770
1688551698.513075 149.036119 11.075144 -0.313692 0.000000 0.000000 0.925080 0.379770
1688551698.918166 148.572802 10.946359 -0.322663 0.000000 0.000000 0.925080 0.379770
1688551699.323256 148.109485 10.817573 -0.331633 0.000000 0.000000 0.925080 0.379770
1688551699.728347 147.646168 10.688788 -0.340604 0.000000 0.000000 0.925080 0.379770
1688551700.133438 147.182851 10.560003 -0.349575 0.000000 0.000000 0.925080 0.379770
1688551700.538528 146.719534 10.431218 -0.358546 0.000000 0.000000 0.925080 0.379770
1688551700.943619 146.256217 10.302432 -0.367516 0.000000 0.000000 0.925080 0.379770
1688551701.348709 145.792900 10.173647 -0.376487 0.000000 0.000000 0.925080 0.379770
1688551701.753800 145.329583 10.044862 -0.385458 0.000000 0.000000 0.925080 0.379770
1688551702.158890 144.866266 9.916076 -0.394428 0.000000 0.000000 0.925080 0.379770
1688551702.563981 144.402949 9.787291 -0.403399 0.000000 0.000000 0.925080 0.379770
1688551702.969072 143.939632 9.658506 -0.412370 0.000000 0.000000 0.925080 0.379770
1688551703.374162 143.476315 9.529720 -0.421341 0.000000 0.000000 0.925080 0.379770
1688551703.779253 143.012998 9.400935 -0.430311 0.000000 0.000000 0.925080 0.379770
1688551704.184344 142.549681 9.272150 -0.439282 0.000000 0.000000 0.925080 0.379770
1688551704.589434 142.086364 9.143365 -0.448253 0.000000 0.000000 0.925080 0.379770
1688551704.994525 141.623047 9.014579 -0.457223 0.000000 0.000000 0.925080 0.379770
1688551705.399615 141.159730 8.885794 -0.466194 0.000000 0.000000 0.925080 0.379770
1688551705.804706 140.696413 8.757009 -0.475165 0.000000 0.000000 0.925080 0.379770
1688551706.209796 140.233096 8.628223 -0.484135 0.000000 0.000000 0.925080 0.379770
1688551706.614887 139.769779 8.499438 -0.493106 0.000000 0.000000 0.925080 0.379770
1688551707.019978 139.306462 8.370653 -0.502077 0.000000 0.000000 0.925080 0.379770
1688551707.425068 138.843145 8.241867 -0.511047 0.000000 0.000000 0.925080 0.379770
1688551707.830159 138.379828 8.113082 -0.520018 0.000000 0.000000 0.925080 0.379770
1688551708.235250 137.916511 7.984297 -0.528989 0.000000 0.000000 0.925080 0.379770
1688551708.640340 137.453194 7.855512 -0.537960 0.000000 0.000000 0.925080 0.379770
1688551709.045431 136.989877 7.726726 -0.546930 0.000000 0.000000 0.925080 0.379770
1688551709.450521 136.526560 7.597941 -0.555901 0.000000 0.000000 0.925080 0.379770
1688551709.855612 136.063243 7.469156 -0.564872 0.000000 0.000000 0.925080 0.379770
1688551710.260702 135.599926 7.340370 -0.573842 0.000000 0.000000 0.925080 0.379770
1688551710.665793 135.136609 7.211585 -0.582813 0.000000 0.000000 0.925080 0.379770
1688551711.070884 134.673292 7.082800 -0.591784 0.000000 0.000000 0.925080 0.379770
1688551711.475974 134.209975 6.954014 -0.600754 0.000000 0.000000 0.925080 0.379770
1688551711.881065 133.746658 6.825229 -0.609725 0.000000 0.000000 0.925080 0.379770
1688551712.286155 133.283341 6.696444 -0.618696 0.000000 0.000000 0.925080 0.379770
1688551712.691246 132.820024 6.567659 -0.627667 0.000000 0.000000 0.925080 0.379770
1688551713.096337 132.356707 6.438873 -0.636637 0.000000 0.000000 0.925080 0.379770
1688551713.501427 131.893390 6.310088 -0.645608 0.000000 0.000000 0.925080 0.379770
1688551713.906518 131.430073 6.181303 -0.654579 0.000000 0.000000 0.925080 0.379770
1688551714.311608 130.966756 6.052517 -0.663549 0.000000 0.000000 0.925080 0.379770
1688551714.716699 130.503439 5.923732 -0.672520 0.000000 0.000000 0.925080 0.379770
1688551715.121789 130.040122 5.794947 -0.681491 0.000000 0.000000 0.925080 0.379770
1688551715.526880 129.576805 5.666161 -0.690462 0.000000 0.000000 0.925080 0.379770
1688551715.931971 129.113488 5.537376 -0.699432 0.000000 0.000000 0.925080 0.379770
1688551716.337061 128.650171 5.408591 -0.708403 0.000000 0.000000 0.925080 0.379770
1688551716.742152 128.186854 5.279806 -0.717374 0.000000 0.000000 0.925080 0.379770
1688551717.147243 127.723537 5.151020 -0.726344 0.000000 0.000000 0.925080 0.379770
1688551717.552333 127.260220 5.022235 -0.735315 0.000000 0.000000 0.925080 0.379770
1688551717.957424 126.796903 4.893450 -0.744286 0.000000 0.000000 0.925080 0.379770
1688551718.362514 126.333586 4.764664 -0.753256 0.000000 0.000000 0.925080 0.379770
1688551718.767605 125.870269 4.635879 -0.762227 0.000000 0.000000 0.925080 0.379770
1688551719.172695 125.406952 4.507094 -0.771198 0.000000 0.000000 0.925080 0.379770
1688551719.577786 124.943635 4.378308 -0.780169 0.000000 0.000000 0.925080 0.379770
1688551719.982877 124.480318 4.249523 -0.789139 0.000000 0.000000 0.925080 0.379770
1688551720.387967 124.017001 4.120738 -0.798110 0.000000 0.000000 0.925080 0.379770
1688551720.793058 123.553684 3.991953 -0.807081 0.000000 0.000000 0.925080 0.379770
1688551721.198148 123.090367 3.863167 -0.816051 0.000000 0.000000 0.925080 0.379770
1688551721.603239 122.627050 3.734382 -0.825022 0.000000 0.000000 0.925080 0.379770
1688551722.008330 122.163733 3.605597 -0.833993 0.000000 0.000000 0.925080 0.379770
1688551722.413420 121.700416 3.476811 -0.842963 0.000000 0.000000 0.925080 0.379770
1688551722.818511 121.237099 3.348026 -0.851934 0.000000 0.000000 0.925080 0.379770
1688551723.223601 120.773782 3.219241 -0.860905 0.000000 0.000000 0.925080 0.379770
1688551723.628692 120.310465 3.090455 -0.869876 0.000000 0.000000 0.925080 0.379770
1688551724.033783 119.847148 2.961670 -0.878846 0.000000 0.000000 0.925080 0.379770
1688551724.438873 119.383831 2.832885 -0.887817 0.000000 0.000000 0.925080 0.379770
1688551724.843964 118.920514 2.704100 -0.896788 0.000000 0.000000 0.925080 0.379770
1688551725.249054 118.457197 2.575314 -0.905758 0.000000 0.000000 0.925080 0.379770
1688551725.654145 117.993880 2.446529 -0.914729 0.000000 0.000000 0.925080 0.379770
1688551726.059236 117.530563 2.317744 -0.923700 0.000000 0.000000 0.925080 0.379770
1688551726.464326 117.067246 2.188958 -0.932670 0.000000 0.000000 0.925080 0.379770
1688551726.869417 116.603929 2.060173 -0.941641 0.000000 0.000000 0.925080 0.379770
1688551727.274507 116.140612 1.931388 -0.950612 0.000000 0.000000 0.925080 0.379770
1688551727.679598 115.677295 1.802602 -0.959583 0.000000 0.000000 0.925080 0.379770
1688551728.084689 115.213978 1.673817 -0.968553 0.000000 0.000000 0.925080 0.379770
1688551728.489779 114.750661 1.545032 -0.977524 0.000000 0.000000 0.925080 0.379770
1688551728.894870 114.287344 1.416247 -0.986495 0.000000 0.000000 0.925080 0.379770
1688551729.299960 113.824027 1.287461 -0.995465 0.000000 0.000000 0.925080 0.379770
1688551729.705051 113.360710 1.158676 -1.004436 0.000000 0.000000 0.925080 0.379770
1688551730.110142 112.897393 1.029891 -1.013407 0.000000 0.000000 0.925080 0.379770
1688551730.515232 112.434076 0.901105 -1.022377 0.000000 0.000000 0.925080 0.379770
1688551730.920323 111.970759 0.772320 -1.031348 0.000000 0.000000 0.925080 0.379770
1688551731.325413 111.507442 0.643535 -1.040319 0.000000 0.000000 0.925080 0.379770
1688551731.730504 111.044125 0.514750 -1.049289 0.000000 0.000000 0.925080 0.379770
1688551732.135595 110.580808 0.385964 -1.058260 0.000000 0.000000 0.925080 0.379770
1688551732.540685 110.117491 0.257179 -1.067231 0.000000 0.000000 0.925080 0.379770
1688551732.945776 109.654174 0.128394 -1.076202 0.000000 0.000000 0.925080 0.379770
1688551733.350866 109.190857 -0.000392 -1.085172 0.000000 0.000000 0.925080 0.379770
1688551733.755957 108.727540 -0.129177 -1.094143 0.000000 0.000000 0.925080 0.379770
1688551734.161047 108.264223 -0.257962 -1.103114 0.000000 0.000000 0.925080 0.379770
1688551734.566138 107.800906 -0.386748 -1.112084 0.000000 0.000000 0.925080 0.379770
1688551734.971229 107.337589 -0.515533 -1.121055 0.000000 0.000000 0.925080 0.379770
1688551735.376319 106.874272 -0.644318 -1.130026 0.000000 0.000000 0.925080 0.379770
1688551735.781410 106.410955 -0.773103 -1.138996 0.000000 0.000000 0.925080 0.379770
1688551736.186501 105.947638 -0.901889 -1.147967 0.000000 0.000000 0.925080 0.379770
1688551736.591591 105.484321 -1.030674 -1.156938 0.000000 0.000000 0.925080 0.379770
1688551736.996682 105.021004 -1.159459 -1.165909 0.000000 0.000000 0.925080 0.379770
1688551737.401772 104.557687 -1.288245 -1.174879 0.000000 0.000000 0.925080 0.379770
1688551737.806863 104.094370 -1.417030 -1.183850 0.000000 0.000000 0.925080 0.379770
1688551749.796921 85.122160 0.409940 -1.025570 0.000000 0.000000 0.998640 0.052140
1688551750.504576 84.463652 0.434742 -1.014795 0.000000 0.000000 0.998640 0.052140
1688551751.212232 83.805144 0.459544 -1.004019 0.000000 0.000000 0.998640 0.052140
1688551751.919887 83.146637 0.484345 -0.993244 0.000000 0.000000 0.998640 0.052140
1688551752.627543 82.488129 0.509147 -0.982468 0.000000 0.000000 0.998640 0.052140
1688551753.335198 81.829621 0.533949 -0.971693 0.000000 0.000000 0.998640 0.052140
1688551754.042854 81.171113 0.558751 -0.960918 0.000000 0.000000 0.998640 0.052140
1688551754.750509 80.512605 0.583553 -0.950142 0.000000 0.000000 0.998640 0.052140
1688551755.458165 79.854098 0.608354 -0.939367 0.000000 0.000000 0.998640 0.052140
1688551756.165820 79.195590 0.633156 -0.928591 0.000000 0.000000 0.998640 0.052140
1688551756.873476 78.537082 0.657958 -0.917816 0.000000 0.000000 0.998640 0.052140
1688551757.581131 77.878574 0.682760 -0.907041 0.000000 0.000000 0.998640 0.052140
1688551758.288787 77.220066 0.707562 -0.896265 0.000000 0.000000 0.998640 0.052140
1688551758.996442 76.561559 0.732363 -0.885490 0.000000 0.000000 0.998640 0.052140
1688551759.704098 75.903051 0.757165 -0.874714 0.000000 0.000000 0.998640 0.052140
1688551760.411753 75.244543 0.781967 -0.863939 0.000000 0.000000 0.998640 0.052140
1688551761.119409 74.586035 0.806769 -0.853164 0.000000 0.000000 0.998640 0.052140
1688551761.827064 73.927527 0.831571 -0.842388 0.000000 0.000000 0.998640 0.052140
1688551762.534719 73.269020 0.856372 -0.831613 0.000000 0.000000 0.998640 0.052140
1688551763.242375 72.610512 0.881174 -0.820837 0.000000 0.000000 0.998640 0.052140
1688551763.950030 71.952004 0.905976 -0.810062 0.000000 0.000000 0.998640 0.052140
1688551764.657686 71.293496 0.930778 -0.799287 0.000000 0.000000 0.998640 0.052140
1688551765.365341 70.634988 0.955580 -0.788511 0.000000 0.000000 0.998640 0.052140
1688551766.072997 69.976481 0.980381 -0.777736 0.000000 0.000000 0.998640 0.052140
1688551766.780652 69.317973 1.005183 -0.766960 0.000000 0.000000 0.998640 0.052140
1688551767.488308 68.659465 1.029985 -0.756185 0.000000 0.000000 0.998640 0.052140
1688551768.195963 68.000957 1.054787 -0.745410 0.000000 0.000000 0.998640 0.052140
1688551768.903619 67.342449 1.079589 -0.734634 0.000000 0.000000 0.998640 0.052140
1688551769.611274 66.683942 1.104390 -0.723859 0.000000 0.000000 0.998640 0.052140
1688551770.318930 66.025434 1.129192 -0.713083 0.000000 0.000000 0.998640 0.052140
1688551771.026585 65.366926 1.153994 -0.702308 0.000000 0.000000 0.998640 0.052140
1688551771.734241 64.708418 1.178796 -0.691533 0.000000 0.000000 0.998640 0.052140
1688551772.441896 64.049910 1.203598 -0.680757 0.000000 0.000000 0.998640 0.052140
1688551773.149552 63.391403 1.228399 -0.669982 0.000000 0.000000 0.998640 0.052140
1688551773.857207 62.732895 1.253201 -0.659206 0.000000 0.000000 0.998640 0.052140
1688551774.564863 62.074387 1.278003 -0.648431 0.000000 0.000000 0.998640 0.052140
1688551775.272518 61.415879 1.302805 -0.637656 0.000000 0.000000 0.998640 0.052140
1688551775.980174 60.757371 1.327607 -0.626880 0.000000 0.000000 0.998640 0.052140
1688551776.687829 60.098864 1.352408 -0.616105 0.000000 0.000000 0.998640 0.052140
1688551777.395485 59.440356 1.377210 -0.605329 0.000000 0.000000 0.998640 0.052140
1688551778.103140 58.781848 1.402012 -0.594554 0.000000 0.000000 0.998640 0.052140
1688551778.810796 58.123340 1.426814 -0.583779 0.000000 0.000000 0.998640 0.052140
1688551779.518451 57.464832 1.451616 -0.573003 0.000000 0.000000 0.998640 0.052140
1688551780.226106 56.806325 1.476417 -0.562228 0.000000 0.000000 0.998640 0.052140
1688551780.933762 56.147817 1.501219 -0.551452 0.000000 0.000000 0.998640 0.052140
1688551781.641418 55.489309 1.526021 -0.540677 0.000000 0.000000 0.998640 0.052140
1688551782.349073 54.830801 1.550823 -0.529902 0.000000 0.000000 0.998640 0.052140
1688551783.056728 54.172293 1.575625 -0.519126 0.000000 0.000000 0.998640 0.052140
1688551783.764384 53.513786 1.600426 -0.508351 0.000000 0.000000 0.998640 0.052140
1688551784.472039 52.855278 1.625228 -0.497575 0.000000 0.000000 0.998640 0.052140
1688551785.179695 52.196770 1.650030 -0.486800 0.000000 0.000000 0.998640 0.052140
1688551785.887350 51.538262 1.674832 -0.476025 0.000000 0.000000 0.998640 0.052140
1688551786.595006 50.879754 1.699634 -0.465249 0.000000 0.000000 0.998640 0.052140
1688551787.302661 50.221247 1.724435 -0.454474 0.000000 0.000000 0.998640 0.052140
1688551788.010317 49.562739 1.749237 -0.443698 0.000000 0.000000 0.998640 0.052140
1688551788.717972 48.904231 1.774039 -0.432923 0.000000 0.000000 0.998640 0.052140
1688551789.425628 48.245723 1.798841 -0.422148 0.000000 0.000000 0.998640 0.052140
1688551790.133283 47.587215 1.823643 -0.411372 0.000000 0.000000 0.998640 0.052140
1688551790.840939 46.928708 1.848444 -0.400597 0.000000 0.000000 0.998640 0.052140
1688551791.548594 46.270200 1.873246 -0.389821 0.000000 0.000000 0.998640 0.052140
1688551792.256250 45.611692 1.898048 -0.379046 0.000000 0.000000 0.998640 0.052140
1688551792.963905 44.953184 1.922850 -0.368271 0.000000 0.000000 0.998640 0.052140
1688551793.671561 44.294676 1.947652 -0.357495 0.000000 0.000000 0.998640 0.052140
1688551794.379216 43.636169 1.972453 -0.346720 0.000000 0.000000 0.998640 0.052140
1688551795.086872 42.977661 1.997255 -0.335944 0.000000 0.000000 0.998640 0.052140
1688551795.794527 42.319153 2.022057 -0.325169 0.000000 0.000000 0.998640 0.052140
1688551796.502183 41.660645 2.046859 -0.314394 0.000000 0.000000 0.998640 0.052140
1688551797.209838 41.002137 2.071661 -0.303618 0.000000 0.000000 0.998640 0.052140
1688551797.917494 40.343630 2.096462 -0.292843 0.000000 0.000000 0.998640 0.052140
1688551798.625149 39.685122 2.121264 -0.282067 0.000000 0.000000 0.998640 0.052140
1688551799.332804 39.026614 2.146066 -0.271292 0.000000 0.000000 0.998640 0.052140
1688551800.040460 38.368106 2.170868 -0.260517 0.000000 0.000000 0.998640 0.052140
1688551800.748116 37.709598 2.195670 -0.249741 0.000000 0.000000 0.998640 0.052140
1688551801.455771 37.051091 2.220471 -0.238966 0.000000 0.000000 0.998640 0.052140
1688551802.163426 36.392583 2.245273 -0.228190 0.000000 0.000000 0.998640 0.052140
1688551802.871082 35.734075 2.270075 -0.217415 0.000000 0.000000 0.998640 0.052140
1688551803.578737 35.075567 2.294877 -0.206640 0.000000 0.000000 0.998640 0.052140
1688551804.286393 34.417059 2.319679 -0.195864 0.000000 0.000000 0.998640 0.052140
1688551804.994048 33.758552 2.344480 -0.185089 0.000000 0.000000 0.998640 0.052140
1688551805.701704 33.100044 2.369282 -0.174313 0.000000 0.000000 0.998640 0.052140
1688551806.409359 32.441536 2.394084 -0.163538 0.000000 0.000000 0.998640 0.052140
1688551807.117015 31.783028 2.418886 -0.152763 0.000000 0.000000 0.998640 0.052140
1688551807.824670 31.124520 2.443688 -0.141987 0.000000 0.000000 0.998640 0.052140
1688551808.532326 30.466013 2.468489 -0.131212 0.000000 0.000000 0.998640 0.052140
1688551809.239981 29.807505 2.493291 -0.120436 0.000000 0.000000 0.998640 0.052140
1688551809.947637 29.148997 2.518093 -0.109661 0.000000 0.000000 0.998640 0.052140
1688551810.655292 28.490489 2.542895 -0.098886 0.000000 0.000000 0.998640 0.052140
1688551811.362948 27.831981 2.567697 -0.088110 0.000000 0.000000 0.998640 0.052140
1688551812.070603 27.173474 2.592498 -0.077335 0.000000 0.000000 0.998640 0.052140
1688551812.778259 26.514966 2.617300 -0.066559 0.000000 0.000000 0.998640 0.052140
1688551813.485914 25.856458 2.642102 -0.055784 0.000000 0.000000 0.998640 0.052140
1688551814.193570 25.197950 2.666904 -0.045009 0.000000 0.000000 0.998640 0.052140
1688551814.901225 24.539442 2.691706 -0.034233 0.000000 0.000000 0.998640 0.052140
1688551815.608881 23.880935 2.716507 -0.023458 0.000000 0.000000 0.998640 0.052140
1688551816.316536 23.222427 2.741309 -0.012682 0.000000 0.000000 0.998640 0.052140
1688551817.024192 22.563919 2.766111 -0.001907 0.000000 0.000000 0.998640 0.052140
1688551817.731847 21.905411 2.790913 0.008868 0.000000 0.000000 0.998640 0.052140
1688551818.439502 21.246903 2.815715 0.019644 0.000000 0.000000 0.998640 0.052140
1688551819.147158 20.588396 2.840516 0.030419 0.000000 0.000000 0.998640 0.052140
1688551819.854814 19.929888 2.865318 0.041195 0.000000 0.000000 0.998640 0.052140
1688551820.562469 19.271380 2.890120 0.051970 0.000000 0.000000 0.998640 0.052140
