1688551185.851132843 0.03095 -0.00000 100.00  0.0 0.38268343 0.0 0.92387953
1688551185.851132843 0.03095 -0.00000 0.04900 0.00 0.00 0.00 1.00
1688551267.846152908 107.67428 -2.95618 0.95109 0.00000 0.00000 -0.03693 0.99932
1688551283.595906494 122.11756 -12.89982 -0.06118 0.00000 0.00000 -0.68322 0.73021
1688551347.603270870 123.89282 -106.47960 3.13990 0.00000 0.00000 -0.35971 0.93307
1688551349.605947259 126.30692 -107.62011 2.94084 0.00000 0.00000 0.00000 1.00000
1688551498.824934814 270.23501 -119.49990 5.10615 0.00000 0.00000 0.04340 0.99906
1688551512.323484769 278.72542 -110.08749 4.05696 0.00000 0.00000 0.70711 0.70710
1688551599.305795567 277.02085 15.15061 1.44197 0.00000 0.00000 0.86041 0.50960
1688551622.055389170 252.11642 24.05305 -0.02003 0.00000 0.00000 0.98895 0.14822
1688551642.300222601 225.86079 24.35163 1.49096 0.00000 0.00000 0.99964 0.02681
1688551682.297802977 169.23312 23.14394 1.70571 0.00000 0.00000 0.99833 0.05773
1688551697.297803410 150.42607 11.46150 -0.28678 0.00000 0.00000 0.92508 0.37977
1688551737.806862788 104.09437 -1.41703 -1.18385 0.00000 0.00000 0.99054 0.13721
1688551749.796920804 85.12216 0.40994 -1.02557 0.00000 0.00000 0.99864 0.05214
1688551820.562468989 19.27138 2.89012 0.05197 0.00000 0.00000 0.94012 0.34084
1688551185.851132843 0.03095 -0.00000 100.00  0.0 0.38268343 0.0 0.92387953